1538477736737624064
1538477033940045826
1538477736737624064
1538477033935851520
1538477033940045826
1538477736737624064
1538477033906442240
1538477033935851520
1538477033940045826
1538477736737624064
1538477033897984001
1538477033906442240
1538477033935851520
1538477033940045826
1538477736737624064
1538477033893900288
1538477033897984001
1538477033906442240
1538477033935851520
1538477033940045826
1538477736737624064
1538477026147020801
1538477033893900288
1538477033897984001
1538477033906442240
1538477033935851520
1538477033940045826
1538477736737624064
1538476976234647554
1538477026147020801
1538477033893900288
1538477033897984001
1538477033906442240
1538477033935851520
1538477033940045826
1538477736737624064
1538476976016613376
1538476976234647554
1538477026147020801
1538477033893900288
1538477033897984001
1538477033906442240
1538477033935851520
1538477033940045826
1538477736737624064
1538476957939249152
1538476976016613376
1538476976234647554
1538477026147020801
1538477033893900288
1538477033897984001
1538477033906442240
1538477033935851520
1538477033940045826
1538477736737624064
1538476953686228994
1538476957939249152
1538476976016613376
1538476976234647554
1538477026147020801
1538477033893900288
1538477033897984001
1538477033906442240
1538477033935851520
1538477033940045826
1538477736737624064
1538476810379399176
1538476953686228994
1538476957939249152
1538476976016613376
1538476976234647554
1538477026147020801
1538477033893900288
1538477033897984001
1538477033906442240
1538477033935851520
1538477033940045826
1538477736737624064
1538469505034338305
1538476810379399176
1538476953686228994
1538476957939249152
1538476976016613376
1538476976234647554
1538477026147020801
1538477033893900288
1538477033897984001
1538477033906442240
1538477033935851520
1538477033940045826
1538477736737624064
1538468695999225856
1538469505034338305
1538476810379399176
1538476953686228994
1538476957939249152
1538476976016613376
1538476976234647554
1538477026147020801
1538477033893900288
1538477033897984001
1538477033906442240
1538477033935851520
1538477033940045826
1538477736737624064
1538468498657116161
1538468695999225856
1538469505034338305
1538476810379399176
1538476953686228994
1538476957939249152
1538476976016613376
1538476976234647554
1538477026147020801
1538477033893900288
1538477033897984001
1538477033906442240
1538477033935851520
1538477033940045826
1538477736737624064
1538465609670967296
1538468498657116161
1538468695999225856
1538469505034338305
1538476810379399176
1538476953686228994
1538476957939249152
1538476976016613376
1538476976234647554
1538477026147020801
1538477033893900288
1538477033897984001
1538477033906442240
1538477033935851520
1538477033940045826
1538477736737624064
1538460908246409216
1538465609670967296
1538468498657116161
1538468695999225856
1538469505034338305
1538476810379399176
1538476953686228994
1538476957939249152
1538476976016613376
1538476976234647554
1538477026147020801
1538477033893900288
1538477033897984001
1538477033906442240
1538477033935851520
1538477033940045826
1538477736737624064
1538460527189442561
1538460908246409216
1538465609670967296
1538468498657116161
1538468695999225856
1538469505034338305
1538476810379399176
1538476953686228994
1538476957939249152
1538476976016613376
1538476976234647554
1538477026147020801
1538477033893900288
1538477033897984001
1538477033906442240
1538477033935851520
1538477033940045826
1538477736737624064
1538451035517231105
1538460527189442561
1538460908246409216
1538465609670967296
1538468498657116161
1538468695999225856
1538469505034338305
1538476810379399176
1538476953686228994
1538476957939249152
1538476976016613376
1538476976234647554
1538477026147020801
1538477033893900288
1538477033897984001
1538477033906442240
1538477033935851520
1538477033940045826
1538477736737624064
1538450846299701248
1538451035517231105
1538460527189442561
1538460908246409216
1538465609670967296
1538468498657116161
1538468695999225856
1538469505034338305
1538476810379399176
1538476953686228994
1538476957939249152
1538476976016613376
1538476976234647554
1538477026147020801
1538477033893900288
1538477033897984001
1538477033906442240
1538477033935851520
1538477033940045826
1538477736737624064
1538450835302232066
1538450846299701248
1538451035517231105
1538460527189442561
1538460908246409216
1538465609670967296
1538468498657116161
1538468695999225856
1538469505034338305
1538476810379399176
1538476953686228994
1538476957939249152
1538476976016613376
1538476976234647554
1538477026147020801
1538477033893900288
1538477033897984001
1538477033906442240
1538477033935851520
1538477033940045826
1538477736737624064
1538450818583580672
1538450835302232066
1538450846299701248
1538451035517231105
1538460527189442561
1538460908246409216
1538465609670967296
1538468498657116161
1538468695999225856
1538469505034338305
1538476810379399176
1538476953686228994
1538476957939249152
1538476976016613376
1538476976234647554
1538477026147020801
1538477033893900288
1538477033897984001
1538477033906442240
1538477033935851520
1538477033940045826
1538477736737624064
1538450796718833665
1538450818583580672
1538450835302232066
1538450846299701248
1538451035517231105
1538460527189442561
1538460908246409216
1538465609670967296
1538468498657116161
1538468695999225856
1538469505034338305
1538476810379399176
1538476953686228994
1538476957939249152
1538476976016613376
1538476976234647554
1538477026147020801
1538477033893900288
1538477033897984001
1538477033906442240
1538477033935851520
1538477033940045826
1538477736737624064
1538449875586662400
1538450796718833665
1538450818583580672
1538450835302232066
1538450846299701248
1538451035517231105
1538460527189442561
1538460908246409216
1538465609670967296
1538468498657116161
1538468695999225856
1538469505034338305
1538476810379399176
1538476953686228994
1538476957939249152
1538476976016613376
1538476976234647554
1538477026147020801
1538477033893900288
1538477033897984001
1538477033906442240
1538477033935851520
1538477033940045826
1538477736737624064
1538437898370007040
1538449875586662400
1538450796718833665
1538450818583580672
1538450835302232066
1538450846299701248
1538451035517231105
1538460527189442561
1538460908246409216
1538465609670967296
1538468498657116161
1538468695999225856
1538469505034338305
1538476810379399176
1538476953686228994
1538476957939249152
1538476976016613376
1538476976234647554
1538477026147020801
1538477033893900288
1538477033897984001
1538477033906442240
1538477033935851520
1538477033940045826
1538477736737624064
1538403946166992897
1538437898370007040
1538449875586662400
1538450796718833665
1538450818583580672
1538450835302232066
1538450846299701248
1538451035517231105
1538460527189442561
1538460908246409216
1538465609670967296
1538468498657116161
1538468695999225856
1538469505034338305
1538476810379399176
1538476953686228994
1538476957939249152
1538476976016613376
1538476976234647554
1538477026147020801
1538477033893900288
1538477033897984001
1538477033906442240
1538477033935851520
1538477033940045826
1538477736737624064
1538273879893893123
1538403946166992897
1538437898370007040
1538449875586662400
1538450796718833665
1538450818583580672
1538450835302232066
1538450846299701248
1538451035517231105
1538460527189442561
1538460908246409216
1538465609670967296
1538468498657116161
1538468695999225856
1538469505034338305
1538476810379399176
1538476953686228994
1538476957939249152
1538476976016613376
1538476976234647554
1538477026147020801
1538477033893900288
1538477033897984001
1538477033906442240
1538477033935851520
1538477033940045826
1538477736737624064
1538268709315395594
1538273879893893123
1538403946166992897
1538437898370007040
1538449875586662400
1538450796718833665
1538450818583580672
1538450835302232066
1538450846299701248
1538451035517231105
1538460527189442561
1538460908246409216
1538465609670967296
1538468498657116161
1538468695999225856
1538469505034338305
1538476810379399176
1538476953686228994
1538476957939249152
1538476976016613376
1538476976234647554
1538477026147020801
1538477033893900288
1538477033897984001
1538477033906442240
1538477033935851520
1538477033940045826
1538477736737624064
1538268161283350528
1538268709315395594
1538273879893893123
1538403946166992897
1538437898370007040
1538449875586662400
1538450796718833665
1538450818583580672
1538450835302232066
1538450846299701248
1538451035517231105
1538460527189442561
1538460908246409216
1538465609670967296
1538468498657116161
1538468695999225856
1538469505034338305
1538476810379399176
1538476953686228994
1538476957939249152
1538476976016613376
1538476976234647554
1538477026147020801
1538477033893900288
1538477033897984001
1538477033906442240
1538477033935851520
1538477033940045826
1538477736737624064
1538266251818156032
1538268161283350528
1538268709315395594
1538273879893893123
1538403946166992897
1538437898370007040
1538449875586662400
1538450796718833665
1538450818583580672
1538450835302232066
1538450846299701248
1538451035517231105
1538460527189442561
1538460908246409216
1538465609670967296
1538468498657116161
1538468695999225856
1538469505034338305
1538476810379399176
1538476953686228994
1538476957939249152
1538476976016613376
1538476976234647554
1538477026147020801
1538477033893900288
1538477033897984001
1538477033906442240
1538477033935851520
1538477033940045826
1538477736737624064
1538263560807141378
1538266251818156032
1538268161283350528
1538268709315395594
1538273879893893123
1538403946166992897
1538437898370007040
1538449875586662400
1538450796718833665
1538450818583580672
1538450835302232066
1538450846299701248
1538451035517231105
1538460527189442561
1538460908246409216
1538465609670967296
1538468498657116161
1538468695999225856
1538469505034338305
1538476810379399176
1538476953686228994
1538476957939249152
1538476976016613376
1538476976234647554
1538477026147020801
1538477033893900288
1538477033897984001
1538477033906442240
1538477033935851520
1538477033940045826
1538477736737624064
1538245588055166977
1538241309173075968
1538235992510980100
1538196241116430337
1538162083598041088
1538196241116430337
1538138543041781760
1538162083598041088
1538196241116430337
1538121393816084480
1538138543041781760
1538162083598041088
1538196241116430337
1538121007311073281
1538121393816084480
1538138543041781760
1538162083598041088
1538196241116430337
1538120042985861126
1538121007311073281
1538121393816084480
1538138543041781760
1538162083598041088
1538196241116430337
1538120042931712000
1538120042985861126
1538121007311073281
1538121393816084480
1538138543041781760
1538162083598041088
1538196241116430337
1538120036816146432
1538120042931712000
1538120042985861126
1538121007311073281
1538121393816084480
1538138543041781760
1538162083598041088
1538196241116430337
1538120014808612864
1538120036816146432
1538120042931712000
1538120042985861126
1538121007311073281
1538121393816084480
1538138543041781760
1538162083598041088
1538196241116430337
1538116495703781377
1538120014808612864
1538120036816146432
1538120042931712000
1538120042985861126
1538121007311073281
1538121393816084480
1538138543041781760
1538162083598041088
1538196241116430337
1538106897471004672
1538116495703781377
1538120014808612864
1538120036816146432
1538120042931712000
1538120042985861126
1538121007311073281
1538121393816084480
1538138543041781760
1538162083598041088
1538196241116430337
1538098953811525634
1538106897471004672
1538116495703781377
1538120014808612864
1538120036816146432
1538120042931712000
1538120042985861126
1538121007311073281
1538121393816084480
1538138543041781760
1538162083598041088
1538196241116430337
1538098949034283009
1538098953811525634
1538106897471004672
1538116495703781377
1538120014808612864
1538120036816146432
1538120042931712000
1538120042985861126
1538121007311073281
1538121393816084480
1538138543041781760
1538162083598041088
1538196241116430337
1538098743827914753
1538098949034283009
1538098953811525634
1538106897471004672
1538116495703781377
1538120014808612864
1538120036816146432
1538120042931712000
1538120042985861126
1538121007311073281
1538121393816084480
1538138543041781760
1538162083598041088
1538196241116430337
1538097399972958210
1538098743827914753
1538098949034283009
1538098953811525634
1538106897471004672
1538116495703781377
1538120014808612864
1538120036816146432
1538120042931712000
1538120042985861126
1538121007311073281
1538121393816084480
1538138543041781760
1538162083598041088
1538196241116430337
1538097258633232384
1538097399972958210
1538098743827914753
1538098949034283009
1538098953811525634
1538106897471004672
1538116495703781377
1538120014808612864
1538120036816146432
1538120042931712000
1538120042985861126
1538121007311073281
1538121393816084480
1538138543041781760
1538162083598041088
1538196241116430337
1538517424072544256
1538517418867302402
1538517424072544256
1538517418817073153
1538517418867302402
1538517424072544256
1538517418808582144
1538517418817073153
1538517418867302402
1538517424072544256
1538517418791813120
1538517418808582144
1538517418817073153
1538517418867302402
1538517424072544256
1538517387926028293
1538517418791813120
1538517418808582144
1538517418817073153
1538517418867302402
1538517424072544256
1538517357236207621
1538517387926028293
1538517418791813120
1538517418808582144
1538517418817073153
1538517418867302402
1538517424072544256
1538517349866819584
1538517357236207621
1538517387926028293
1538517418791813120
1538517418808582144
1538517418817073153
1538517418867302402
1538517424072544256
1538517349858529281
1538517349866819584
1538517357236207621
1538517387926028293
1538517418791813120
1538517418808582144
1538517418817073153
1538517418867302402
1538517424072544256
1538517329063059457
1538517349858529281
1538517349866819584
1538517357236207621
1538517387926028293
1538517418791813120
1538517418808582144
1538517418817073153
1538517418867302402
1538517424072544256
